clk nclear R L MODE input
0000 00 0000
0100 00 0000
0100 11 0100
1100 11 0100		0100
0100 11 0100		0100
0100 10 0100		
1100 10 0100		1000
0100 10 0100		
0101 10 0100
1101 10 0100		0001
0101 10 0100
0101 01 0000
1101 01 0000		0000
0101 01 0000
0110 01 0000
1110 01 0000		1000
0110 01 0000
1110 01 0000		1100



0000000000=
0100000000=
0100110100=
1100110100=
0100110100=
0100100100=
1100100100=
0100100100=
0101100100=
1101100100=
0101100100=
0101010000=
1101010000=
0101010000=
0110010000=
1110010000=
0110010000=
1110010000=